Best model: Ensemble RF + XGBoost
Accuracy: 0.3232

              precision    recall  f1-score   support

           0       0.28      0.22      0.25        36
           1       0.33      0.25      0.29        36
           2       0.34      0.34      0.34        35
           3       0.33      0.36      0.34        36
           4       0.27      0.25      0.26        36
           5       0.33      0.31      0.32        36
           6       0.28      0.33      0.30        36
           7       0.35      0.47      0.40        36
           8       0.35      0.25      0.29        36
           9       0.24      0.26      0.25        35
          10       0.44      0.51      0.47        35

    accuracy                           0.32       393
   macro avg       0.32      0.32      0.32       393
weighted avg       0.32      0.32      0.32       393
